52
930 
395 885 
490 1420 665 
360 1290 595 130 
400 1330 625 90 40 
885 45 840 1375 1245 1285 
465 1315 430 735 665 695 1270 
615 1545 660 855 785 815 1500 230 
640 1570 685 740 670 700 1525 255 115 
1085 2015 1390 725 795 765 1970 1460 1580 1465 
660 1590 1045 380 450 420 1545 1115 1235 1120 425 
1275 1455 1670 1005 1075 1045 1470 1740 1860 1745 560 625 
1535 1685 1930 1265 1335 1305 1730 2000 2120 2005 690 885 260 
385 1315 570 105 25 55 1270 640 760 645 820 475 1100 1360 
365 885 760 535 405 445 840 830 950 835 1130 705 910 1170 430 
510 600 285 820 710 740 555 715 945 970 1505 1160 1785 2045 715 875 
210 840 185 580 450 490 795 475 705 730 1205 860 1485 1745 475 575 300 
355 1175 290 625 555 585 1130 140 370 395 1350 1005 1630 1890 530 720 575 335 
215 715 600 705 575 615 670 670 830 855 1300 875 1070 1330 600 170 715 415 560 
375 555 330 865 735 775 510 760 990 1015 1460 1035 1430 1690 760 520 355 285 620 360 
55 895 340 525 395 435 850 420 650 675 1120 705 1330 1590 420 420 455 155 300 260 340 
245 685 470 735 605 645 640 630 860 885 1330 905 1200 1460 630 290 585 285 490 130 230 210 
320 1250 615 170 40 80 1205 685 805 690 775 430 1055 1315 65 365 730 430 575 535 695 355 565 
415 1345 800 135 205 175 1300 870 990 875 670 245 870 1130 230 460 915 615 760 630 790 460 660 185 
980 1250 1375 710 780 750 1205 1445 1565 1450 765 340 295 555 805 615 1490 1190 1335 775 1135 1035 905 760 575 
1015 1425 1410 745 815 785 1380 1480 1600 1485 590 365 260 520 840 650 1525 1225 1370 810 1170 1070 940 795 610 175 
860 1440 1255 590 660 630 1395 1325 1445 1330 575 210 415 675 685 555 1370 1070 1215 725 1015 915 785 640 455 190 155 
490 640 885 790 660 700 685 955 1075 960 1385 960 825 1045 685 255 1000 700 845 285 645 545 415 620 715 620 795 810 
480 450 565 970 840 880 405 865 1095 1120 1565 1140 1105 1365 865 435 680 390 725 265 325 445 235 800 895 810 975 990 320 
165 765 270 655 525 565 720 550 780 805 1250 825 1400 1660 550 490 385 85 410 330 210 130 200 485 580 1105 1140 985 615 315 
100 1030 315 390 280 310 985 385 515 540 1075 730 1355 1615 285 445 430 190 275 315 475 135 345 300 485 1060 1095 940 570 580 265 
1170 2100 1215 680 810 770 2055 785 585 530 995 650 1275 1535 785 1215 1500 1260 925 1385 1545 1205 1415 850 755 980 1015 860 1470 1650 1335 1070 
140 1070 525 350 220 260 1025 595 715 600 945 520 1145 1405 245 235 640 340 485 355 515 185 385 180 275 850 885 730 440 620 305 210 1030 
140 1070 495 350 220 260 1025 565 685 570 945 550 1175 1435 245 265 610 310 455 355 515 175 385 180 305 880 915 760 440 620 305 180 1030 30 
155 1085 480 335 205 245 1040 550 670 555 930 565 1190 1450 230 280 595 295 440 370 530 190 400 165 320 895 930 775 455 635 320 165 1015 45 15 
240 1170 565 250 120 160 1125 635 755 640 845 480 1105 1365 145 285 680 380 525 455 615 275 485 80 235 810 845 690 540 720 405 250 930 100 100 85 
300 1230 555 190 60 100 1185 625 745 630 835 490 1115 1375 85 345 670 390 515 515 675 335 545 60 245 820 855 700 600 780 465 240 870 160 160 145 60 
215 1145 490 275 145 185 1100 560 680 565 900 555 1180 1440 170 270 605 305 450 430 590 250 460 125 310 885 920 765 515 695 380 175 955 75 75 60 75 85 
270 1200 515 220 90 130 1155 585 705 590 875 530 1155 1415 115 315 630 360 475 485 645 305 515 100 285 860 895 740 570 750 435 200 900 130 130 115 50 40 55 
475 1225 340 745 675 705 1180 90 320 345 1470 1125 1750 2010 650 840 625 385 120 680 670 420 550 695 880 1455 1490 1335 965 775 460 395 875 605 575 560 645 635 570 595 
785 145 740 1275 1145 1185 100 1170 1400 1425 1870 1445 1430 1690 1170 740 455 695 1030 570 410 750 540 1105 1200 1135 1280 1295 645 325 620 885 1955 925 925 940 1025 1085 1000 1055 1080 
655 1585 700 305 295 265 1540 430 550 435 1030 685 1310 1570 270 700 985 745 410 870 1030 690 900 335 440 1015 1050 895 955 1135 820 555 515 515 515 500 415 355 440 385 440 1440 
210 990 605 430 300 340 945 675 795 680 1025 600 1065 1325 325 155 720 420 565 275 435 265 305 260 355 770 805 650 360 540 335 290 1110 80 110 125 180 240 155 210 685 845 595 
250 1160 275 520 450 480 1115 215 385 410 1245 900 1525 1785 425 615 560 320 105 455 605 265 475 470 655 1230 1265 1110 740 710 395 170 940 380 350 335 420 410 345 370 225 1015 425 460 
355 1105 750 315 185 225 1060 820 940 825 910 485 920 1180 210 220 865 565 710 390 550 410 420 145 240 625 660 505 475 655 480 435 995 225 255 270 185 195 260 235 830 960 480 145 605 
1115 1265 1510 845 915 885 1310 1580 1700 1585 990 565 430 420 940 750 1625 1325 1470 910 1270 1170 1040 895 710 225 400 415 625 945 1240 1195 1115 985 1015 1030 945 955 1020 995 1590 1270 1150 905 1365 760 
300 1230 625 190 60 100 1185 695 815 700 785 420 1045 1305 85 345 740 440 585 515 675 335 545 20 175 750 785 630 600 780 465 310 870 160 160 145 60 70 135 110 705 1085 355 240 480 125 885 
90 1020 385 400 270 310 975 455 575 550 1005 660 1285 1545 295 375 500 200 345 305 465 125 335 230 415 990 1025 870 500 570 255 70 1080 140 110 95 180 210 125 180 465 875 565 220 240 365 1125 240 
245 745 640 675 545 585 700 710 830 825 1270 845 1030 1290 570 140 755 455 600 40 400 300 170 505 600 735 770 695 245 295 370 325 1355 325 325 340 425 485 400 455 720 600 840 245 495 360 870 485 275 
925 1855 1020 435 565 525 1810 1090 1210 1095 370 265 650 910 540 970 1255 1015 980 1140 1300 960 1170 605 510 605 430 415 1225 1405 1090 825 625 785 785 770 685 625 710 655 1100 1710 660 865 875 750 830 625 835 1110 
1505 1775 1900 1235 1305 1275 1730 1970 2090 1975 510 855 320 450 1330 1140 2015 1715 1860 1300 1660 1560 1430 1285 1100 525 490 645 1145 1335 1630 1585 1505 1375 1405 1420 1335 1345 1410 1385 1980 1660 1540 1295 1755 1150 750 1275 1515 1260 880 
